1
100
200.467 297.249
41.63 270.889
9.19 153.625
172.336 256.558
202.805 215.53
37.447 10.216
143.416 204.903
236.761 153.686
130.49 288.921
65.357 12.324
29.715 2.300
205.756 159.105
263.624 211.950
273.619 167.266
36.221 270.923
284.973 262.564
75.249 86.839
259.648 264.686
65.465 187.768
274.197 126.135
222.735 287.245
7.604 112.94
27.32 118.161
7.330 226.380
80.562 272.889
264.87 77.279
253.914 100.125
164.624 214.637
260.699 83.65
156.746 112.481
79.880 295.136
112.719 218.142
35.440 33.197
228.960 77.431
227.875 210.690
152.522 280.210
74.561 128.228
8.139 163.438
220.56 275.582
129.443 26.762
185.109 160.411
22.787 44.647
163.752 90.513
127.368 176.199
183.54 180.941
46.841 80.917
251.306 100.378
50.576 241.985
286.451 150.106
139.944 7.252
249.147 118.674
217.544 26.150
99.4 92.144
299.823 162.448
30.912 27.230
190.318 117.174
170.965 234.359
210.739 112.957
87.80 284.754
25.208 257.222
213.348 19.410
24.131 211.4
245.388 235.533
7.802 60.827
120.44 287.28
36.149 238.374
130.672 229.205
281.737 29.93
286.498 156.960
31.66 165.674
55.198 160.513
254.618 41.472
264.879 154.798
281.190 173.610
64.653 16.95
91.595 41.827
195.396 240.724
15.103 251.620
254.309 286.6
80.178 280.294
158.332 146.437
275.969 300.89
275.567 186.364
163.725 244.608
174.682 85.639
38.434 61.791
196.97 250.375
176.980 122.332
113.466 223.539
37.521 229.410
289.165 128.603
92.670 12.716
6.248 257.842
183.968 86.130
166.135 106.341
16.526 126.780
194.147 72.781
22.299 292.461
218.670 265.60
294.628 77.398
